654 114 0
25 759 0
281 250 0
228 142 0
754 104 0
692 758 0
913 558 0
89 604 0
432 32 0
30 95 0
223 238 0
517 616 0
27 574 0
203 733 0
665 718 0
558 429 0
225 459 0
603 284 0
828 890 0
6 777 0
825 163 0
714 432 0
348 284 0
159 220 0
980 781 0
344 104 0
94 389 0
99 367 0
867 352 0
618 270 0
826 44 0
747 470 0
549 127 0
996 944 0
387 80 0
565 300 0
849 643 0
633 906 0
882 370 0
591 196 0
721 71 0
46 677 0
233 791 0
296 81 0
875 238 0
887 103 0
389 284 0
464 650 0
854 373 0
166 379 0
363 214 0
686 273 0
718 959 0
699 663 0
73 623 0
650 175 0
546 746 0
250 167 0
473 388 0
276 947 0
655 704 0
570 224 0
701 332 0
863 786 0
794 57 0
234 841 0
32 824 0
323 410 0
274 67 0
216 935 0
965 580 0
897 735 0
322 217 0
671 511 0
405 905 0
936 658 0
469 146 0
271 142 0
252 762 0
574 551 0
269 764 0
598 438 0
919 597 0
408 370 0
224 141 0
521 505 0
93 773 0
48 881 0
112 156 0
642 163 0
811 696 0
432 610 0
65 394 0
390 610 0
479 541 0
257 994 0
566 881 0
965 11 0
696 738 0
117 698 0
