654 114 0
25 759 0
281 250 0
228 142 0
754 104 0
692 758 0
913 558 0
89 604 0
432 32 0
30 95 0
223 238 0
517 616 0
27 574 0
203 733 0
665 718 0
558 429 0
225 459 0
603 284 0
828 890 0
6 777 0
825 163 0
714 432 0
348 284 0
159 220 0
980 781 0
344 104 0
94 389 0
99 367 0
867 352 0
618 270 0
826 44 0
747 470 0
549 127 0
996 944 0
387 80 0
565 300 0
849 643 0
633 906 0
882 370 0
591 196 0
721 71 0
46 677 0
233 791 0
296 81 0
875 238 0
887 103 0
389 284 0
464 650 0
854 373 0
166 379 0
363 214 0
686 273 0
718 959 0
699 663 0
73 623 0
650 175 0
546 746 0
250 167 0
473 388 0
276 947 0
655 704 0
570 224 0
701 332 0
863 786 0
794 57 0
234 841 0
32 824 0
323 410 0
274 67 0
216 935 0
965 580 0
897 735 0
322 217 0
671 511 0
405 905 0
936 658 0
469 146 0
271 142 0
252 762 0
574 551 0
269 764 0
598 438 0
919 597 0
408 370 0
224 141 0
521 505 0
93 773 0
48 881 0
112 156 0
642 163 0
811 696 0
432 610 0
65 394 0
390 610 0
479 541 0
257 994 0
566 881 0
965 11 0
696 738 0
117 698 0
906 549 0
768 273 0
787 656 0
348 114 0
300 445 0
161 464 0
3 976 0
739 896 0
736 269 0
995 512 0
780 182 0
519 934 0
108 891 0
640 305 0
861 654 0
519 623 0
203 156 0
382 780 0
165 552 0
976 797 0
944 543 0
940 0 0
613 331 0
500 19 0
114 951 0
371 899 0
851 826 0
314 245 0
59 246 0
899 580 0
969 80 0
87 749 0
497 835 0
70 778 0
545 784 0
128 131 0
675 486 0
969 562 0
169 271 0
540 893 0
621 433 0
987 216 0
951 552 0
773 747 0
706 205 0
730 319 0
408 687 0
665 382 0
448 921 0
529 462 0
123 253 0
230 65 0
346 21 0
602 567 0
235 602 0
225 7 0
72 724 0
646 60 0
234 69 0
927 32 0
880 338 0
72 526 0
243 285 0
685 497 0
219 552 0
135 740 0
957 903 0
584 590 0
484 248 0
803 484 0
826 416 0
194 96 0
99 674 0
441 362 0
433 420 0
478 884 0
746 55 0
689 669 0
661 100 0
62 412 0
745 347 0
819 882 0
111 254 0
196 194 0
549 459 0
143 432 0
187 285 0
473 255 0
895 945 0
77 453 0
827 882 0
876 563 0
100 51 0
667 553 0
856 15 0
992 95 0
948 771 0
869 242 0
170 416 0
497 492 0
218 885 0
410 924 0
60 168 0
388 2 0
399 271 0
948 802 0
803 465 0
292 433 0
713 980 0
748 802 0
569 677 0
735 498 0
158 194 0
303 222 0
991 59 0
593 753 0
555 62 0
765 321 0
58 51 0
598 488 0
514 941 0
873 543 0
161 58 0
983 520 0
82 871 0
190 70 0
609 69 0
691 882 0
240 413 0
122 964 0
911 583 0
252 592 0
608 40 0
634 83 0
429 673 0
597 578 0
535 323 0
957 267 0
209 685 0
733 321 0
244 271 0
405 134 0
687 660 0
307 468 0
323 951 0
769 958 0
74 9 0
469 636 0
576 102 0
75 550 0
218 518 0
271 135 0
955 357 0
902 70 0
900 250 0
378 291 0
161 448 0
853 556 0
720 309 0
626 826 0
669 541 0
8 683 0
836 567 0
306 954 0
679 106 0
961 899 0
137 270 0
118 911 0
109 760 0
566 159 0
278 288 0
619 215 0
734 351 0
208 703 0
649 873 0
270 517 0
500 257 0
927 929 0
866 52 0
94 649 0
433 849 0
283 45 0
3 341 0
789 133 0
652 268 0
165 759 0
452 564 0
722 437 0
574 9 0
114 77 0
967 904 0
707 925 0
152 558 0
36 854 0
378 596 0
565 151 0
440 130 0
42 315 0
373 920 0
955 815 0
995 881 0
40 920 0
366 215 0
698 255 0
682 105 0
362 798 0
573 905 0
895 416 0
997 635 0
767 158 0
947 952 0
242 885 0
166 999 0
819 830 0
181 902 0
422 25 0
183 754 0
946 340 0
801 953 0
421 821 0
685 884 0
752 830 0
254 273 0
163 806 0
718 110 0
391 893 0
39 879 0
481 227 0
204 836 0
940 471 0
358 312 0
840 814 0
892 233 0
228 24 0
675 197 0
408 336 0
285 885 0
71 990 0
791 285 0
359 656 0
521 409 0
695 863 0
549 339 0
961 28 0
118 898 0
993 267 0
182 594 0
985 271 0
39 111 0
610 444 0
353 746 0
805 321 0
446 620 0
523 118 0
394 921 0
590 194 0
260 45 0
725 446 0
1 532 0
947 825 0
551 703 0
736 962 0
759 754 0
686 201 0
372 441 0
71 971 0
680 942 0
338 638 0
321 679 0
868 127 0
737 921 0
307 519 0
316 682 0
418 334 0
412 713 0
302 567 0
130 196 0
430 680 0
962 388 0
693 766 0
924 178 0
630 582 0
308 415 0
561 853 0
0 311 0
293 215 0
440 804 0
593 621 0
670 329 0
476 452 0
452 691 0
218 523 0
484 812 0
922 982 0
815 753 0
173 674 0
86 290 0
527 679 0
648 634 0
343 95 0
838 974 0
769 240 0
688 317 0
230 825 0
203 150 0
25 47 0
250 486 0
625 870 0
786 74 0
466 424 0
907 644 0
589 199 0
735 713 0
393 506 0
409 249 0
151 671 0
704 5 0
914 768 0
881 788 0
906 109 0
797 435 0
224 180 0
823 980 0
712 530 0
475 51 0
570 255 0
939 868 0
124 467 0
136 820 0
475 683 0
543 572 0
609 324 0
972 773 0
912 453 0
627 834 0
736 913 0
516 436 0
850 928 0
561 456 0
918 162 0
761 882 0
486 460 0
265 769 0
253 860 0
652 283 0
784 796 0
533 496 0
641 244 0
281 450 0
79 730 0
292 240 0
278 343 0
327 914 0
553 82 0
141 154 0
236 392 0
710 156 0
723 219 0
65 424 0
417 338 0
555 477 0
425 63 0
211 852 0
430 398 0
926 788 0
598 968 0
712 20 0
877 901 0
783 589 0
389 488 0
6 965 0
360 305 0
771 399 0
873 913 0
976 855 0
429 551 0
765 752 0
559 819 0
617 919 0
225 499 0
224 279 0
446 497 0
29 398 0
344 684 0
695 817 0
414 741 0
169 860 0
478 941 0
130 637 0
546 27 0
928 403 0
606 577 0
678 27 0
85 658 0
438 138 0
887 472 0
186 51 0
266 388 0
335 216 0
465 334 0
